1. mum( numm m· venantum. 463

³²⁸. ²geqnentlo, etque erdo

naturaliter pescia. &a .10, 80.
10,88. 17,18. 41,1. 178,
80, mma· 18. 404, 0. 480, 80.

ne 80, 81.

nette 800, 80.

0000110110 paeda. e. ρ. 88, 8.
0. 08, 0. 848,88. 807, 8.888,8.

nece-nerine 41, 8. 848, 80. 804,
0. 808, 80. 801, 88. 880, 8.
480, 88.

neeeeee 011 metm. e. a. 4, 10,
18, 81. 18, 80. 881, 10.

neec-olm 81, 0. θ

ιῗῖἶῧέοἶὲοἰῗξζ 1⁶. 180, 17.
140, 88. 140, 8. 808, 11.

nequire 88, 10. 88, 80. 800, 8.
808, 88. 884, 14.

ωἷῖῗιρῗὲἑ. ὐἷ’ ιῗο ,1ῗίὲᾶ
8.180, 84. 808,18. eemel
perennent.
voee- 888, 4-0,

neeeire 00, 8.

nete 800, 80-811, 4. 818, 0.
11. 840, 18. 88.

nete diezeugmenon 808, 883-
110, 12. ml. ιε. au. ι. 317,
87. 880, 17 u. 884, 81 n.
880, 18. 17. 887, 18, 888, 7.
888. 80 u. 848, 0. 808, 8 u.

nete synemmenon 810, 87-
810, 7. 811, 8. 818, 8. 817,
80. 888,· 18 u. 884, 80 σε.
880, 418, 887, 18. 888, 8.

0010λο erbeleon 811, 80-
810, 1 . 818, 4. 814,0. 810,
84 u. 818, 11 ee. 884, 17 ee.
880, 18. 887, 18. 840, 18 u.
848, 8 u. 808, 10 ee.

nigore, 11.

01111187,18.

0111110 101000 881, 14. 844, 88.

nimieta- 188, 81.

‚multoe 010011 .

nimirum 08, 80. 188, 7. 180, 8.

110. 800, 80. 884, 18. lm.
eet.

”mg 471, 84. 148, 81. 880, 8.
8 , .

nimium 188, 18. 880, 18.

0111081181· ὦ, 17. 00, 10. 187, 8.

2 0

0111 8, 10. 4, 8. 8, 4. 00, 18.
180, 11.

nitor 4, 0.

nubtum 7, 80.

noeturnae 180, 0.

nelle 480, 10.

nomen panim. e. a. 8, 14. 88.
17,10. 01,11. 114,οε1. 884,
88. 408, 18. numerorum 11,
0. 11. 18. nomen et nnme-
me 88, 88. multi 1100110010
48, 88. medient e 100, 17.
nervorum 0111101008003800.
chordarum 818, 10 u. men·
annu-nm 401, 18 u. minn-
“emm 480, 80. 480, 4-11,
agrorum 488,10.

nominare pansi-,e ,8 su.
10, 80. 11, 0 18,10. 01,10.
480, 10. 10 ’,0010100000 880, 0.

norme 48, 80. 187, 10. 411, 8.

norgualis 888, 10. 88. 88. 410,

not-meliten· 410. 18.

normula 408, 0.

noscere 0, 18. 141, 7. 187, 80.
808, 18. 880, 8.

neta 880, 8. 887, 8, 408, 18.

411, ³0. 420. 11. ιι.. ιο. m..

10. neue mneleee 808, 81.
808, 17- -814,8.

necere «Η, 18, 0. 88,
0.80..1 01,18. 04,18, 00,
10. 87, 4. 408. 18. 84.

00111108, 4. 800, 80. 887,81.
880, 14. 401, 0. 404, 8.

001010 80, 87. 87, 18. noe, 88.
808, tu. 810. 80. 888, 0. 11.
&⁹4⁸ n. 844, 8 ec. nl. 0.

9 8

 

