1. mom( RERUB m· VB tmolum.

0031001010 4, 8. 80, 88. 411, 4.

488, 18.

(1031ςο010 80,18. 88, 8. 109, 8.
ιοο, ιο. 010, 1. 040. 0. 007,

8. 877, 10. 888, 8. 888,8900.
cel.

deetgnatto 80. 80.

00310010181.14.188,10.

000107101οΙ 188, 7. 848, 14.10.

destinare 80,18.

determinare 47, 14. 84, 80.
800. 8. 400. 18. 414, 18001.

determinatus 8, 19. 188, 18.
888, 10.

deterrere 889, 88.

detinere 78, 18.

detractio 88.84. 108,7. 190,84.

detrahere pensan, e. ο. 87. 88.
88, 18 30. 41, 8. 78,10. 188,
18. 880, 80. 881, 730. 888, 8.

detrimontum 880. 1.

deno ιο, 12. 12³, 11.

devium 411, 18.

dexter 811, 10. 18. 318, 1. 848,
81. 488. 8.

dextere 88. 87. 118, 18.

diagonus 417. 8. 10. 410, 0.

diametrus 188, 8. 878, 7-10.
11. 18. 878, 11. 14. 888, 10.
884,11.18[71]. 888,88. 418,
88 00. 488 1 81.

01οροιοο 11, 18.10. 180. 88.
bie diapason 188, 8. Vide

m:{g²nptlgo¹n¹fi'⁸¹2 18. 180,10. 19.

ορμ diapente 01 010 0000

202.17-18.Vcde·ymp 0010.

01ορ 0010 01010 0000187,8.11.
189, 80. 84. tr

010001113ωο 878, 1000. ι

01010000ωο11,18.17.180,7.
888. 87. 00000000110 10101100
197, 84. op. 813 01000000
888, 80. Vt 0110000010.

0101001000 818, 80. 810, 80.
018, 4. 17100ςο000.

01010000 814, 0-810,18. hy·

ide 0110000010. .

448

petor· 810, 4. 100000 810, 18.
817, 80. 81. 0100100100οο
ῗὲῗιὲρἐιξὲἲὲἒξῗῖῗέ ⁸¹¹· ·
010100010800, 88. 818, 88-
010, ιι. (218³, 10.)
diue-axin 808, 0. 818, 8-10,

010010 mein«. e. 2⁸, 1.18.
10, 88...8480 11, 4.8. 14,
80. 18, uma. 179,18
874,8. 01 01011110 001 pacem

e..a 8,11. 80,88. 87,10.
180, 81. 11100,000010οι 880,
80 ee 1111001111.

010110 800,10.

01010111 8,18.

010010 818,10-17. 810, 81.
800, 81. 877, 833. 878, 1803.
818, 10. 808,18 33. ee paui-2.
noenta 324, 21.

diezeugmenon 807, 80. 809, 87.
818, 84. Vide tetrachordum.

011101·ῑο pastina. e. a. 18, 84. 88.
88, 84. 80. 118, 18. 188, 0.

y 134, ιι. 140, ι. ιω, 4. 009,

18. 888, 8.

0180100110 pauiu. e. ρ. 104, 0.
184, 81. 187, 18 03. 188, 8.
18. 188, 18 33. 187, 18. 140,
1 33.-144. 1. 140. 4 30.188,
803. 188. 433. -178, 18. 179,
17. 808, 88 03. 887, 89 03.
418, 18. 010010011οω faeere
88, 17. 181, 10. 100, 87. des.
187,18. vocem 199, 8.18.
tonorum 888, 88. 080, 8.
1000311το differentiae 890, 8

, (887,889-;6840,8>. indeletum

meiln- 08, 10. 80. 190, 14. ’
m, ¹²· ⁸⁶⁸2 ¹⁹0 ’⁴0 my ⁹·

011111 mlta· 884, 84.

0110001101· 891, 8.

diffundere 179. 80. 800, 14.19.

0100000 4, 81.

0130101000 810, 0.

digerere 88, 19. 81, 0. 77.4.

 

