402
’0101110110οη . ο. 0. 20,
21 u. 22, . 28, 0. 21. 28.

202, 22. 287, 2η. 240. 18η.
802, 20. ⁸⁹⁹⁷, 10. 800, 11.
2000. 400, 28. 111 01131110·
1111111100, 28.

multiplicatio 001111. e. ο. 21,
11. 27, 1. ..40 20. 80, 0.
00, 20. 04, 0. 287, 28. 240,
1⁸00 800, 14. 800, 20. 800,
7. 0110 plu· 00,27. 1110111·
9110011001· 00001011 08, 27.

multiplicator 201, 10. 800, 0.

17. 10. 008, 1082.

multiplicius pessime 0., 47,
22. 00, 27. 08, 0. 70, 1. 00,
10.00,10.127,.0120,.10
101, ou. 108, 20. 281. 4.
200, 14. 200, 4- 0. 1011110·
[1111010 00 00011001 104, 0.

ῗῧνέὅήὲἓιιῑπηαί mpet-
multitudo pax-2. e. a..8 28

-20.0, 1. 14. 28. ’12, 17.

18, ,22.40, 0. 120, 21. 220,

‘nu-indnu- 10,11. Vide 010·

00.

1110111100 0, 10. 128, 20. 124, 10.
120,20.120,1.8.100,20.
mnndum corpora 0011001·
efficere 77,12.11111 10011110
100, 4. opher: 220, 1.

1000101001ου 8, 21.

10111100 2. 0, 0. 22.

0100000 0111 8, 20.

1000100 11, 0. 20. 100,10.200,
20. 224, 0. 81. 220, 10. 220,
0. 284, 22. 208, 0.10. 810,
21.801,10.111001000 vin
utrem 0111000 praeeedit
12, 8-.·4. 01010111011 0011100·

010.170 22-107,10.111110·
11000 107, 21-100, 20. 200,
0. 01101000 100. 20-180, 0.
hun-eumn 100, 0-12.

nuda· 011001. 140,18. 288, 21.

Ῑ. umnx REBUH m· VEBBOBUH.

800,1..0848, 1. toletan.
10-20. 220,’11-10.
01001000 0111.. 1111001111, e. a. ⁹.
8.,.’,.,Ῐ1110187414018
140,0.100,14. 100, 18. 100,
1η.104,14..208002.800,
20.111110100 77, 11. 800, 0.
011181ἳο8011110110,10. 124,1. 10.
nutu-buxu· 124,12. 800, 20,
''¹3³1''322‘,⁸2'.”·23⁶.' 151ἑέ· ‚1⁶3
11. 227, 20. 887. 2.
1111110110 182,20. 101,17. 218,
10. 800,10.
1001001012,17.11101001·1 101, 4.
01011100 10, 22. 800, 17.
ny 810, 18. 812, 2.

11οποη 404. 8.

00001 pasin. e. a. 10, 0. 28,
ιο. 28,14. 18. ⁶27. 111. wo,
28. 202, 10. 807, 10.

55355. ⁹13⁸& {a ⁰11⁸·0⁴·22·

ο ⁹ 0 ⁹ ο ⁹ 0 0
20. 12, 4. 28. 20. 14. 80, 0.
10. 00, 22. 00, 22. 128, 8 ee.
288, 28. 804, 80. 420, 20.
«1111111. 003107, 2 811100ιί1δο 1017,
ιοό, ἷῖ. 1ιὲῗῖιῖῗῖ ιῖεῗιοθ 1ἰιιῖἷ
85Ἔὶ5.’5.55·.ἶ·...5ἒ.5’ 1⁸5 ¹¹1³}
m. 21..’24 m. ι. 17..’1ιο
0111ροήο 10,10.ρο1’110110
21,20.001101·00101’011140,20.
longitudini· 00,12. 1111100
1010000111 00, 10. 0011001117,
8.,..11071208.182 24.
180, 0. corpori· 100,10. 0011·
00010 170. 0 u. 1010 guli,
1111011ιο11 170,14. 0011 000·
1100 108, 0.

1101010110 panta. e. a. 14,1.
82,20. 41,4.100.14.210.
20.807,12. 421, 7. 1110110·
01110 annom-’¹ (11001011
001.) 10, 8. 24. 28, 28. 40,

