442

800880 110, 24 e. 170, 6. 121,
18. 284, 7. 861,18.

defatigatae 200, 12.

80100188 181180 12, 10.

defendere 887, 6.

8080010 47, 28. 110, 27. 286,
11. 818, 18. 868, 80. 864, 12.

defigere 121, 22.

88118110 18, 10. 16, 22. 120,18.
187,10. 140, 2. 182,22. 126,
4. 866, 8. 878, 24. 408, 2.
418, 2. 417, 18.

1101181110 278, 12. 1188101118,
11-12. 118118 8118118118 18,
18-16, 88. 808118110111160,
28. multiplicate anper-partl-
0818118 81, 1 ee. 110111 prin·

ᾶοῗιιῐῖὶιίοῗθὸῗξὶ. oa, ο. 110, 0.
21. 128, 18. 128, 18. 877, 8.

deflere 188, 20.

88101818110 418, 18. 428, 26.

defugere 281, 21.

88 10 224, 2.

defflue- 214, 12. 20. 218, 8. 222,
110. 1111, 14.

deincep· paena. e. o. 28, 2.
86, 2. 8. 60, 7. 428, 28.

8018188 888, 2. 8.

dolam 101, 20.

801888810 227, 12.

801001810 170, 18. 180 8. 12.
ἐξίιὴξ. 100, 10. ιότ, 10.

. 2 ⁶

8010018110 180, 8. 21. 188, 17.

801010 10, 20.

11011ςο10 2, 28.

80118 811, 7. 2.

8818011810 μνία, e. . 10, 12.
88, 18. 16. 88, 20. 2, 10 u.
27, 8. 182, 18. 170, 27.

· 282, 4. Vide 1118108810.

‹le-ere 16, 28. 88, 21. 82, 7. 2.
182, 11. 808, 22.

‹le- 10 10, 8.

{enm 22, 27.

{eni-nere 81, 8. ⁸0, 22.

matie 18, 24. 28. 88, 8.

1. mnu BEBUB m· VERBORUM.

16. 41, 10. 110, 16. 227, 24.
260, 20. 261, 18. 220. 12.

deminutus 80, 24. 82, 24. 288,
17. 278, 14. 8018111811 88·
11101182, 21. 40, 18. 41, 26.

demonstrare poesia, e. a. 48,
21. 86, 12. 87, 2. 104, 12.
227,16. 277, 0. 402, 18. nequ.
quod 011111 cont. 72, 28.

8081088118110 206. 22. 281, 10.
264, 4. 270, 1. 286, 11· 868,
14. 406, 16 eet.

80111818 200, 28. 281, 8.

8811111180 poneius, e. o. 14, 28 u.
24, 28. 28. 42, 8. 880, 8 u.
826. 8. 406, 8. 801818 87, 1.
Ρ 188ςο11080 182, 8-21.

808 que 410, 11.

(10801818810 paeda, e. a. 18, 16.
22, 8311. 28, 2 u. 80,1881.
128, 2 . .

11011οω188110 12, 20. 22, 10 u.
28, 4 en. 70, 7. 284, 28. 288,
28. 828,4. 7. 400, 10. 416, 2.

denominativae 10, 80.

8088811810 2, 11. ·

80018818 88,28. 118, 18. 811, 16.

80810110 406, 10.

nepam? 828, 12. 408, 12.

depo-ecre 2, 28.

deprehendere 204, 18. 242, 26.
282, 26. 864, 16. 867, 2. 888,
22. 828, 2 eet.

deprimere 200, 4.

depromere 184, 21.

deputare 16, 18. 226, 10.

derelinquere 288, 28.

80111810 281, 1. 8.

&agaim 181, 8. 188, 18. 27.

8080110010 e. o. 81, 14.
82, 8. 60,7. 88,28. 87, 1.
27, 8. 884, 28. 28. 416, 10.

808011 110 , e. ι. 6, 4.
18, . 2 ,22. 28, 8. 18. 12.
68, 2. 82, 18. 20, 21, mc,
18. 408, 12.

