Ι. mnssx numm ΕΤ VB RBORUM.

notor 88, 18.

netum 408, 7. 8.

notu· 87, 11. 71, 8. 180, 18.
180, 87. 884, 10. 808, 88.
844, 1. 887, 88. 417, 18 σοι..
ln rectum 877, 8. 881, 18.

red-etio 187, 88.

reddere muln, e. ρ. 81, 18.
84,18. 88, 81. 88. 18. 88, 18.
81, 1. 188, 8. 148, 80. 148,
ἰδὲ 1884, 8. 188, 88. 881, 11.

redigite pacet-u, e. a. 8, 80. 84,
18. 40, 17. 41, 18. 18. 78,
8. 18. 188, 84. 184, 80. 181,
4. 417, 88.

ndito panim. e. 9. 78, 88. 188,
8. 181, 88. 881, 18. 884, 80.
801, 10. 887, 1. 408, 18.

reducem 81. 88. 78, 18.

redundare 40, 8. 411, 18. 418,
8. 414, 88. 480, 7.

referre 181, 1. 808, 1. 880, 88.
888, 11. 14. 888, 84. 888, 8.
ιὰ aliquid paceio, e. 0. 8,
87. 88. 11, 8. 48,8η. 48, 8.
ἑὴὶξθ 6& 80. 188, 11. 188,

. , .

refutare 88,80. 108, 10. 418, 1.

rogero 148, 8. 188, 18. 818, 11.

πὲἷῆιιιιέιῗτιη ¹⁴⁶

ο .

{332¹ 1⁴32: ¹32⁹. ιοο, ο. ιο.
188, 88 -88. 888, 18-880,
18. 888, 18-80. 884, 84.
848, 88. 888, 18. 888, 18.
418, 1. 488, 1. regulae ‹nvi-
oio 801, 11. 808, 18. 818,
8 u. 848, 8 u. mlo·

nnffiss fflfssi. noo, ε. ιιι,

. 884, 18. 881, 18.
ro luitu- 844,,14.

η core 8, 88. 187, 88.
ulam 188. 88.
nlo& 188, 18.

4⁷5

relaxaro 888, 1. 888, 18.

relaxatio 888, 88.

rol inquere e. ρ. 84,7 u.
88, 18. 84. 87, 88 υ. 78.
11 u. 188, 88. 188, 88. 188,
18. 808, 18. 878, 8. 408, 1.

reliquus possin. ο... 18, 8. 88,
18. 88, 80. 88,18. 78, 8η.
88. 18. 888, 80 σε. 488, 80.

remanere 88, 10. 78, 18. 88, 7.
410, 18. 417, 8.

romono 78, 80. 78, 7.

reminisci 887. 8. 880, 7.

”mi-⁸10 874, 10. 801, 88. 818, 1.

remittere ,ms-u, e. 9. 41, 10.
180, 13. 178, 84. 180, 4. 874,
8 u. 878, 7 u 814, 80 u.

removere 874, 88.

rennuere 488, 88.

rependere 40, 8.

repetere 848, 8. 888, 81.

“pilonio 888, 17.

”poton 878, 8.

”“;ἕ““;; 23⁹⁶ae ’.188
ιοιί, 2⁶ ιη’, 10'... &maol
408, 1. ropertus 187 , 18.
878, 18. 878, 18.

reprehendero 8, 18. 888, 18.
888, 18. 888. 88. 871, 8.

reprimere 184, 8.

repudiare 8, 80. 88, 11.

malrum 88, 8. 188, 80. 888,
18. 871, 4. 888, 8. muman.

ro· .e. ,8,8. 7,88.18,
1 . 18, 7. 8. 77. 8. 188,
8. 188, 18. naon!- 8, 18.
arsa?·1¹3.“.⁴.·:ae.÷:;;1.·2¹::
ἴω '⁶' ¹²5⁰ ι’””“ί“ῗ.*““·.’·ν
..ἱ '2⁹0‘ ⁸30⁸:an ιε’-μ’ἷὶ

afflixi, ιι ⁸⁶⁸. ιι.

Μυκη 8. 8. 417, 80.

marvan 400. 80.

redden 108, 10. .

