480 1. mont annm( m· VERBORUM.

880, 18. paup. 184, 8. 180, “munaus 8, 18. 180, 18. 187.

80. 887, 88. 10. 188. 88. 818, 17 . 488, 8,
8118881808 aaa. 84. 0, 7. studium 4, 10. 8, 18. 170, 88.

47, 87. , 4. 80, 8. 81,18. 88. 188, 87. 887, 80.

88, ιτ. 88, ιο. 1⁶⁹. ιο. m, stupor moa.

88. 108, 84. 884, 11. 80. 888, nun!- 880, 8. 8. 840, 88. 808,

8 88. 880, 18. 808, 8. 8. 8. 887, 14. 881, 11.
σμοιιῐιιοι· 808, 88. 408, 88. naviter 188, 88. 108, 7.
opomoee 0, 10. 18. 8118888118 80. 0 88.

aphani-oo· 114, 0. 181, 8-8. 8888801118 80, 18.
·”13.’“..ξ.ἷ’.ῗ’ἑ·. ὲὲὲῑ ὧῗ· ἂὲὶτ 133ΐέ88ὸέ9..

188, 1-8. mund! 880, 1. subducere 408, 0. 400, 88. 410,
aphucton, 88 11, 88. 14 eet.
apharim· numeru· 88, 17. 181, ιιὼιὶυρὶωι sesqualter ece. 84,
11 -188, 18. 88. ιηρ8τ81ῃ8τ11888 ece. 88, 1.

spiculum 4, 10. oubduplu· 47, 17. 80.
ophitus 180, 8. 100,88. 800, 1. sublucens 808, 0. .,

¹ opio-n· 180, 88. 100, 8 88. 888, ambientum zm. 88.

87 88. 888, 18 88. 871, 18 η. tubicen-e paula, e. . 8, 0. 88,

spondent 188, 8. 18. 10. 88. 80 , 88. 7 , 80. 808,
muttum· 180, 1. 80. 848, 80. 887, 8. 800, 0.
8 nto 0, 10. 178, 84. 187, 8. sumre 8, 80.

8111188 188. 10. nubitum 884, 8.
88881881401, 18. 408,8. 408,10. unbinmton 880, 8. 870, 0. 10.
utare 108, 0. 180, 11. 180, 81. nublovaro 108, 7.
800, 10. 81. 880, 80. 887, submotu· 811, 4.
. 88. 884, 1. 874, 14. 17. ammian-trare 188, 88.
mter m, ι ιτ. 420, ο. ωξὶυυὲξιίνῑῶκ 46. ¹⁶· ⁴⁷. ¹⁰-

3‡:?‚31512·.321¹;,3;2:33·‚332 ·““,ἐ;·“;’.;ξ’;·ε.“.ε,“εε.”’·”’““’··

3333ΐὸ81... ο. 0. m, ιο. ,ussaeuaeyffifmporparuw-oe,
2⁶⁶2 10· 2⁵0· ¹⁰ u. ⁹⁶⁷· ²⁴· nnbmnmplieitu 47, 88.
878. ¹⁶· ⁸1⁴· 11. tum· munuum nn. τ. nmo.

vom 889. ¹² n. = oubplnrysstm ιω. 1.

818188 10, 18. 18, 80. 80, 18. σιὼ onere 88, 7. 81, 8. 71, 8.
188, 8. 188, 0. 188,10. 81. 8 8. 8. 848, 1. 800, 18. 400,
108,, 88. mmeram- 18. 84 eet.

. 488, 17. 888ρν1881ρ8118 800, 88. 810, 7.
818118 188, 8. 188, 1. 808, 1. anntdm lun 47, 18. 81.
tulmen· 810, 18. nnbrlpon 1. 1. 88, 18.
1831οἀ19· 8113ῗ8·8,’.ῗ’ἐ.“6,18“’..ἰ·,.
afflet!- 108,18. 880,.0. 808, 8. 480, 8. 18.

8 401, 11. 18. nunquan-r 40, 84.
8 411, 10. 8888888818888188 40, 88.

