· 81018188 μυί..

444

886.14.801.8. 868,8. 807,’

, ,ιιέέώίἷἭῶῗ ι.. m, ω.
ιι ι,ιιιοο 11.200',10.21.
,.17 digiti merom
{azima- ¹22 ’.εὖ 22.-
2¹20.4.a.⁴1‘}¹.’433 &⁴⁰⁸⁹ ¹¹
mgno'm ιι. ’
angant-0200, ιε. 2⁴10, ο.
ιο 5⁹3⁶?ss θ’ ⁵⁹ ι ¹⁸
ωιαιίιοὶι. ⁹128. u. 220. ⁸. 222.
ς. 224. 22. εει, 0. u. ιω, ι.

408, 80 coe.
8118180 01,1.

8111 ιιιρῶιω,σ,ο.84,8. 86,
8. 880, 18. 884, 7. 886, 81.
808, 10. 400, 1,18. 80.

8111 enter 88,1.0 88.100,18.

16 848, ecee. comp.
meno 108,14,188,88,
108,80, 818,18. 888, 80.

888, 18. uper-1. 848, 10.
8111388118 184. 8. 888,16.
mazou& 88. 408, 6. m«

88088818.
8101818188 [2180. 84. 864, 4.

81018180 8, 88. 164. 87. 088,
6-7. 871, 18-14. 878, 7-0.

118880 8101·
8180 uem 868, 88, 8101·
8180 88080 864, 8.

8181188118 487, 17. Vide 8801·

81111320 800, 0. 18. 408, 0.

408, 7 eet.
ditectio 417, 8.

8108188804,80.81.1881081ο
874,11.188108180081,14.

884,4. 886,88. 888,7.
‘mxu‘ 170, 8. 887,
,18. ,0,1 10.

Ἥ 12.i22‚¹0'n.'125.

1. mnzx BERV! ΕΤ VERBORUM.

28.²ss2,r117. 180, 87. 104, 8.

818880 10, 8. 40, 8. 187, 18.
888, 7. 486, 84.

‹lineet-nere 8, 88. 18, 88. 880, 18.

8101911886, 8. 7, 88. 0. 6. 10,
7. 11. 80. 00, 8. 80,·1. 88, 88.
148. 18. 108, 81. 170, 81.
181, 1. 86. 800, 86. 22³⁹.st-
884. 16. 887, 88. 808, 7. 410,
8. 411, 84. 486, 88. Pytha·
gorlo· 18, 10 864, 88.

8188880810 881, 6. 880, 11.

‹li-eordan 101, 2. 861, 17.

8100018864, 80.

8100888118 140, 87.

dinen-epam paula. e. ρ. 16, 8.
86, 7. 80, 0. 80, 7, 118, 18.
81. 118, 88.

8100188 868,11, 867, 8 u.
gisez-{ta quantitas 108, 8 u·
88 u.

diuerlmssnnre 47, 0,

8108το0 148,18. 818,18.

discutere 808,10.

818ἱος180 14, 4. 844, 18. 868,

81818880 146. 88.

«linianum poeula, ο. ’,86, 11.
m, 8. 800, 86. 810,18 818,

8181888188 8. 10. 188,18. 007,
87. proportione· 138,18.
141, 60. 147, 80. 848, 6-0.
11.1’1άο dicuntae-0⁸.

«iniungere monia. e. ι. 00.
80, 8. 88, 88. 88, 1. 11 ,.7
10. 808,18, 881, 8.

8ὴρ8ε18,8.188,6.

‹lupen-tin 486, 6. 81.

818 80118848, 6.

81ιροο1οτ401,16.

8189888180 41, 4.

8188880118 861, 10.

«nepo 881·μο 807, 18. 416, 1.
484, 88. 4883. 8.

nepte-nm&

dupe-enpust.. &102002

