433

11,1.17,1.01,8.08,18.
111,4.181,18.147,10.
181, 10. 410, 8.

. concurrere 111, 17.180,10.

877, 1. 18. 801, 4. 7.
condicio 80, 8.
eonditor 10, 11. 11, 18.
οοιιιξῖιοοιῖ 407,14. 410,11.
oondnplionre 88, 8.
conferre purim. e. 0. 84, 11.
84,10.188,11.100,.80 101,
18.184,10 188,18.418,11.
eonfeeene 188, 18.
conficere pm e. 0. 10, 11. 10.
14, 0. 18, 8. 18,4. 1,48 17.
eonformere 181, 4.
confundere 108.18.
eentum 84,11. 881,17. 888,
14. 884. 14. 801, 8.
oonfneio 188, 1. 881, 11.

. eontnme 881, 7 ee.

wulferium, 18. 118, 18. 118,

conglobare 110, 7.
nongegnre 04, 8, 08, 8. 18.
11 888,11.
eonin gere 88, 18. 108, 4,
coniugatio 88,18.
eoninneuo purim. e. 9. 77. 10.
80, 1. 08,18. 108, 8. 188, 8.
18.188,11.170,18.108,’11.
117, bu. 801, 181, 888,18.
eoninnetne 148, 7. 170, 18.

180,8.181,11. Vaces-em·

”iffi .. ..ι-ε· {¹21⁹-
108, 8. 188,18. 180, 8.
11.887,11.

. eonleuo 11,18. 101, 11.

eonllqnero 107, 0.

annumerem„-

“thum-deonantum

,.,88 11. 88 18. 78,11.
{zazoa 4 mn. ἐκ, ιο. ὅτι,
aaut& u, 11.

ῤ-υῲῴ-,ᾠ-ψ-ω

1. · mnnx amun( m· vssnBom’M.

conpellere 884, 8.
οοιιροιιᾱίοιιιι 808,1.
conpendium 87, 4. 180, 80.
conpetene 83, 11. 00, 8.110,1.
conpetenter 110,18.
conplacitu- 180, 7.

oonpleeti benevolenun 8, 8.

oon lere 11,8.18.117,18.
11, 10.181,18.881,18.
401, 11. 401, 10 eet.

oon rehondere paulu, e. a. ἦ
1. 0,.11187,11.10.180,17.
100, 10. 107,1.8 870,11.14.
887,11. 808,17.

conpreheneibme 118, 11.

conprehensio& 1. 0,10.108,10.

conprobare 8,18.101,10.118,
18.171,18.108,10.408,
ficet.
eonqnieeoero 100,11.
οοὲἕὲιιιῗ. 18⁶, ιε. ιοι, ιι. 1
eoneeribere 18,18.101,10.
181,11.101,18.881,18.
807, 4. 414, 1.
eoneeornre 8,18.
ooneoeteri 88, 11.
οοιιιοιιιίο 118.17.
contenente, 18. 118,18. 888,8.
οοιιιοιιῑῖειιοιιι 188, 10. 108, 8.
οοιιιοιιιίιο10, 14. 88,11. 117,
4. 888,17. 888,10. 888,14.
880,8. 888,14. ‘
οοὲιὸοςιιὲῧιιιιῗο, 18. 101,8.101,
eoneeqnenterss, 18. 47,11.
eon-eanum· 81,11. 81,18.

οοιιιοςθιῆὸίῖ, lg), ahoe-⁸04, 18.

eouerere 188,18.
eon-errore 48, 8. 88,14. 147,
18. 140, 18. 880, 14. ⁸. ο

’.ῗῖξίῗῖ . κζ 2⁶ ᾗ.. ιι.

